-0.099 -0.053
-0.061 -0.12
0.055 0.049
0.67 0.1
-0.4 -0.11
2 0.00039
-0.2 -0.31
-1.4 -0.28
-0.23 -0.12
-0.1 0.27
1.6 -0.23
-0.86 0.022
0.3 -0.26
-0.095 0.069
1.7 -0.02
-1.4 -0.12
1.5 -0.098
-0.032 0.03
0.21 -0.28
0.95 0.098
0.36 -0.029
-0.76 -0.033
0.57 -0.01
-1.8 0.071
0.0066 0.013
0.5 0.01
1 0.025
-0.053 -0.21
0.37 0.15
-0.14 0.38
-1.7 0.14
0.83 0.11
0.76 -0.2
0.23 -0.37
-0.51 0.34
0.11 0.036
0.051 -0.031
-0.12 0.16
-2.2 0.068
0.53 0.048
-0.37 -0.056
0.62 0.13
-0.45 0.26
-0.69 -0.0076
0.48 -0.15
-0.046 -0.29
0.13 0.16
-0.01 -0.32
1.3 0.071
-0.73 -0.14
-0.63 0.19
-1.1 -0.13
1.3 -0.025
-1.8 -0.1
1.4 -0.26
-0.47 0.084
0.18 0.16
0.24 0.13
0.48 -0.036
-0.48 -0.29
0.46 -0.29
-0.87 -0.21
1 -0.084
-1.5 -0.013
-0.95 0.25
1.2 0.081
-1.5 0.18
-0.25 -0.13
1.5 -0.31
0.2 0.025
-0.31 0.21
-1.9 0.13
-0.71 -0.089
1.4 0.014
0.63 -0.19
1.8 0.33
1.5 -0.22
-0.99 0.71
-0.2 0.092
-0.032 0.14
0.72 -0.0032
0.54 0.35
-1.3 0.31
1.4 0.16
-0.78 0.09
1.2 0.062
0.073 -0.46
-0.37 -0.19
0.3 -0.1
-0.74 -0.28
-0.43 0.00069
1.9 -0.015
1 -0.068
-0.81 -0.086
-0.81 0.23
-0.058 -0.091
-1.1 0.37
1.2 0.22
-0.15 0.16
-0.12 -0.079
-0.3 -0.045
-2.4 0.27
-0.24 0.3
-0.071 0.29
1.8 -0.12
-2 -0.057
1.8 0.22
-1.4 0.084
-0.12 -0.27
0.6 0.6
-0.64 -0.14
0.085 0.07
2.3 0.09
0.94 0.17
-0.35 -0.37
-1.2 -0.34
0.82 -0.14
-0.7 -0.055
1.6 0.11
-0.24 -0.33
0.34 0.22
-2.1 0.029
0.24 0.15
-1 -0.26
0.35 -0.19
-0.43 0.3
0.35 -0.41
-0.45 -0.42
-0.13 -0.036
3 0.22
-0.82 -0.044
-1 -0.022
-1 0.06
-0.82 -0.027
-0.5 0.091
-0.14 -0.2
0.61 -0.38
1.1 -0.13
-1.2 0.36
1.7 -0.2
0.12 0.084
0.79 0.083
-1.5 0.2
-0.27 -0.018
0.76 0.04
-0.8 -0.045
-1.5 -0.2
-1 0.16
-0.24 -0.15
0.89 0.34
3.3 -0.22
0.59 -0.041
1.1 0.17
1.1 -0.23
-0.34 -0.24
-0.88 -0.1
2.1 -0.065
-0.92 -0.13
0.57 -0.068
-1.5 -0.11
0.63 0.2
-0.77 -0.35
0.34 -0.19
-0.47 0.19
-0.15 -0.094
-1.6 0.09
-1 0.12
-1.1 0.21
0.58 0.17
-0.19 0.21
0.37 0.098
-0.019 -0.0094
0.17 -0.096
-1.7 0.14
-1 0.0027
-1.1 -0.036
0.12 -0.21
-0.62 -0.025
-0.33 -0.011
-0.21 0.13
1.1 0.018
0.29 -0.31
-0.24 -0.23
0.2 0.19
0.62 0.15
0.45 0.33
-0.81 0.074
-0.37 0.017
-0.65 -0.34
0.27 0.0097
-1.3 0.034
-0.059 0.12
-2.1 0.18
-1 -0.09
-1.2 -0.091
-0.32 -0.3
2.2 -0.24
-0.015 -0.32
-0.86 -0.049
-1.5 -0.21
2.7 0.16
-0.29 0.1
-0.56 0.16
0.62 0.11
0.054 -0.061
-0.3 0.4
-0.3 0.12
-0.039 0.19
1 -0.031
-0.49 0.086
-0.12 0.13
-0.57 0.18
0.27 0.015
-0.86 -0.025
0.26 0.052
1.2 0.09
-0.047 0.12
-0.0048 -0.25
-0.07 0.014
0.046 -0.0034
0.095 0.11
0.76 -0.044
1.8 -0.33
-0.43 -0.17
-1.5 -0.1
0.52 -0.4
2.6 -0.14
0.32 -0.15
0.73 0.11
1.5 -0.17
2.1 0.11
0.25 -0.3
-0.69 -0.076
-0.82 -0.32
-0.44 0.073
1.7 0.22
0.84 0.34
-1.7 -0.11
0.29 0.15
-0.092 -0.25
0.015 -0.26
0.1 0.067
-1 0.023
-1.3 0.2
1.3 -0.25
0.37 0.004
-0.33 -0.098
0.76 0.14
-0.92 0.31
-0.15 -0.39
0.36 0.23
-1.1 -0.071
-1.5 -0.052
-0.038 -0.26
-0.91 -0.34
-1.2 -0.085
0.69 -0.017
0.77 -0.49
-0.6 0.39
-1.4 -0.053
-0.3 -0.05
-0.63 0.092
-0.33 -0.11
1.3 -0.046
-1.9 -0.024
0.7 0.14
1.2 0.038
1.8 -0.24
0.56 -0.12
1.8 -0.16
0.15 0.13
2.2 0.22
-0.22 -0.17
0.18 0.2
-0.031 -0.0055
-0.51 -0.067
1.5 -0.11
0.6 -0.15
0.83 -0.067
1.1 0.028
1.3 0.096
0.79 -0.01
-0.86 -0.19
-1.6 0.32
1.1 -0.22
0.99 -0.17
-1.2 0.28
0.95 0.033
-1.1 0.021
0.43 0.056
-0.44 -0.14
1.1 -0.19
0.75 0.035
-1.8 -0.22
0.67 0.38
-0.048 0.27
-0.66 0.095
0.39 0.27
1.1 0.098
-1.2 0.2
-0.13 4.5
-0.2 2.4
0.22 4
-0.36 4.4
-0.26 5
0.11 3.3
-0.0038 4.5
-0.12 5.6
-0.091 4
-0.11 5
0.11 3.8
-0.28 3.3
-0.11 3.5
-0.15 1.8
0.31 4.1
0.15 3.7
-0.16 1.3
0.064 1.9
-0.37 2.8
0.1 2.4
-0.15 4.4
-0.29 3.9
-0.063 3
-0.24 3.1
0.096 4
-0.018 2.5
-0.35 2.4
-0.036 2.8
0.18 3.8
0.26 3.5
-0.17 2.8
-0.38 4.1
-0.24 3.8
0.13 3.2
0.17 2.7
-0.057 5.9
-0.099 2.4
0.059 5.5
0.16 2.8
-0.011 4.1
0.058 2.1
-0.25 3.2
-0.31 3.6
-0.29 3.7
-0.047 3
0.05 4.8
-0.11 4.1
-0.021 3.4
-0.0063 2.4
-0.12 2.7
-0.038 3
-0.065 3
-0.035 1.6
-0.49 4
0.21 2.5
0.4 3
0.14 0.95
-0.34 3.2
-0.23 6
0.027 3.6
0.23 4.6
-0.032 3
-0.25 2.6
-0.06 3.8
-0.1 4.6
0.16 3.1
0.31 4.3
-0.17 1.7
0.049 4.9
-0.32 2.8
-0.14 4.4
-0.24 2.6
-0.066 3.9
0.061 4
-0.2 3.7
-0.2 5
0.15 3.1
0.039 4.2
0.007 3.1
0.31 3.1
0.15 3.7
-0.22 2.8
-0.045 3.4
-0.16 3.7
0.015 3.3
0.01 5
-0.15 4.2
-0.13 1.7
0.14 4.7
-0.065 3.7
-0.12 4
-0.22 1.1
-0.076 3.5
0.18 3.6
0.098 3.3
-0.14 3.5
-0.38 3.7
0.28 2.7
-0.33 4.8
0.21 1.7
0.087 3.2
-0.15 0.83
-0.25 5.3
-0.32 1.9
0.13 2
0.017 3.3
0.13 1.6
-0.063 1.1
0.1 3.3
-0.037 2.9
-0.09 4.1
-0.27 3.5
-0.79 4.5
-0.17 2.8
-0.9 3.3
0.041 2.5
-0.22 1.9
-0.16 3.2
-0.075 3.7
-0.11 2.2
0.21 3.3
-0.047 4.9
-0.0069 3.6
0.14 4.1
-0.17 3.2
0.38 3.9
-0.27 1.6
-0.066 4.2
0.14 2.5
0.031 3.7
-0.14 3.8
0.014 3.3
-0.031 2.9
0.026 3
0.12 3.7
0.024 5.1
0.46 3.1
-0.19 3.1
-0.051 4.4
-0.028 4.1
-0.35 3.7
-0.12 3.3
-0.22 3.1
0.044 4.6
0.29 4.6
0.2 3.3
0.067 2.7
0.28 4.4
-0.057 5.8
0.61 3.3
-0.12 2.5
-0.32 2.7
0.16 3.6
0.46 4.3
-0.46 4.9
-0.25 3.6
-0.52 4.3
0.067 3.4
-0.25 4.5
0.25 3.6
0.078 3.7
-0.027 3.4
0.046 5.3
-0.49 3.1
-0.084 4.7
0.28 3.1
0.35 2.7
-0.18 2.7
0.061 2.2
-0.07 4.8
0.22 3
-0.062 4.3
0.37 3.5
0.17 5.8
-0.014 4.3
0.19 3.6
0.14 2.5
0.054 4.3
-0.24 3
-0.17 3
-0.26 5.9
-0.19 3.8
0.25 4.5
0.25 4
-0.23 4.2
0.16 4.4
-0.53 2
0.24 5
0.025 3.9
-0.035 3.3
-0.081 2.8
0.15 3.1
-0.064 1.8
-0.21 3.5
0.28 1.8
-0.12 2.8
0.41 3.3
-0.38 5.8
0.1 3.1
-0.29 2.5
0.18 3
-0.23 3.2
-0.081 3.6
0.21 3.2
-0.079 2.9
-0.15 3.5
-0.038 3.2
-0.032 3.4
0.17 4.1
-0.049 3.1
-0.2 3.4
0.15 2.2
0.41 4
0.013 3.1
0.071 2.9
0.22 2.5
-0.044 2.7
0.02 3.8
-0.089 2.9
-0.22 5
0.35 2.5
0.082 1.8
0.25 3.1
0.18 5.3
0.25 4.2
-0.018 0.87
-0.11 2.7
0.046 4.9
-0.0089 2.5
-0.015 2.2
0.081 2.9
-0.21 1.9
-0.21 3.6
0.12 3.1
-0.22 2.7
-0.032 4.3
0.19 2.1
0.47 3.3
0.04 3.9
-0.054 3.6
-0.026 5
0.23 3.5
-0.25 3.6
0.097 3.9
0.15 3.4
-0.17 4.2
-0.17 4.8
0.4 2.3
0.17 3.3
-0.4 4
-0.097 4.6
-0.045 3.4
0.18 2.1
0.017 2.9
0.013 3.9
-0.12 2.5
0.28 3.6
0.12 5.3
-0.096 2.9
-0.24 3.5
0.16 3.4
0.15 4.3
0.02 2.7
0.21 4.5
0.074 3.7
0.24 1.9
-0.15 3.4
-0.28 2.4
0.27 3.8
0.17 2.6
0.066 4.2
-0.017 4
0.24 3.4
0.16 3.6
-0.013 3.4
-0.44 2.6
-0.11 4.3
0.17 3.1
0.099 3.3
-0.24 3.5
-0.062 3.2
-0.33 2.5
0.11 4.5
-0.12 2.2
0.3 2.8
0.094 3.3
-0.5 2.8
0.11 2.8
0.32 2.7
-0.13 3.1
0.31 4
-0.093 5.8
0.025 2
-0.43 2.3
0.085 3.3
0.28 1.6
-0.26 3.3
0.071 2.9
-0.17 5.6
0.26 2.1
