0 -0.12 1 0.38 -0.24
0 -1.2 1.6 -1.3 -0.67
0 -0.46 -0.34 0.8 -0.086
1 0.016 -1.3 -0.5 0.11
0 0.29 1.3 1.3 -2
1 1.2 0.058 -0.76 0.42
1 0.79 -0.16 -0.14 0.51
0 -0.079 -0.31 0.59 2
0 -0.19 -2.1 0.35 0.2
1 0.84 1.3 1.4 0.21
0 0.48 0.26 1.7 -0.62
0 0.85 0.15 0.86 -0.23
0 0.77 0.23 -0.11 -1.2
0 -0.7 0.33 0.43 2.1
1 0.56 -0.9 -0.24 1.2
0 0.87 0.33 -0.00029 -0.07
0 0.83 0.3 0.47 1.3
0 1.4 0.3 0.0017 -0.31
1 0.068 -0.18 -0.72 -1
0 2.7 0.16 0.19 -1.5
0 2.3 1.6 -1.3 -1.1
0 -1.2 -0.31 1 -0.13
0 1.9 -0.23 0.31 -0.89
0 0.19 1.1 0.16 0.47
0 1.4 -0.58 1.7 1.2
1 0.39 -0.62 -0.033 0.066
0 0.1 0.51 -0.17 1.8
1 -0.43 -1.1 -0.71 0.61
0 0.59 -1.4 0.47 1.8
1 -0.63 -1.2 -0.61 -0.12
0 -2.2 0.88 0.033 -0.46
0 -1.3 -1.2 1.3 -0.25
1 2 1.4 0.9 0.68
1 -0.54 -0.9 -0.075 0.85
1 0.81 -0.37 -0.016 -0.4
0 0.11 -0.0084 0.31 -0.23
0 1.1 -0.82 0.44 -1.3
0 -0.48 -2.6 2.7 1.5
0 0.37 -0.09 1.6 -0.27
1 1.3 -1.3 -0.9 0.17
0 2.2 1.1 -0.24 0.56
1 0.83 -1.7 -0.33 0.15
0 0.33 -0.053 0.71 -1.3
0 -0.87 1.2 -1.9 -0.46
1 -0.68 -0.47 -1.6 0.12
0 0.28 1 -0.35 -1.3
0 -0.62 0.78 0.31 0.95
0 -1.1 1.1 0.84 -0.42
0 0.16 0.28 1.9 -1.1
0 -0.33 0.58 0.9 1
0 0.22 -1.1 0.97 -0.14
1 -2.2 -0.48 -0.96 -1.1
0 -0.13 0.41 -1.5 -1.6
0 0.21 1.3 1.1 -1.2
0 0.7 0.78 -0.27 -2.2
0 -2.1 -0.83 0.1 0.52
0 -0.18 0.24 0.61 0.5
0 1.1 0.9 0.14 0.21
0 -1.1 0.023 -0.054 -0.26
0 -0.19 0.13 -2 0.42
0 0.9 0.14 -0.96 0.75
0 -1 0.54 1.9 -0.23
0 -0.071 0.27 -1 0.82
0 -1.3 0.14 0.95 -0.053
0 0.54 0.0071 0.84 -1.3
1 -0.037 0.54 1.1 0.047
0 -0.062 -0.6 0.23 0.59
1 0.48 -2.2 -0.39 1.8
1 0.86 -1.5 -1.9 -1.1
0 0.62 -0.99 1.5 0.33
0 -0.026 -0.4 0.43 0.29
1 -0.33 -0.6 -0.96 -1.3
1 -0.95 -0.82 -1.5 0.34
0 -1.4 -0.018 0.41 -1.4
1 0.35 1.8 -2 -0.58
0 0.81 -1 0.53 0.56
0 0.79 -1.2 0.0033 -0.57
0 0.81 1.2 1.8 1.7
0 -1.1 0.48 0.058 -0.22
0 0.73 -1.2 0.47 -0.028
0 0.9 -0.42 0.29 0.1
0 1.3 1.8 -0.046 0.085
1 -0.059 -0.92 -0.28 -1.1
0 0.1 0.62 0.99 0.87
0 -1 0.41 -0.16 -1.3
0 -1 -0.54 0.6 0.052
1 -0.29 -0.37 -0.25 -0.2
0 -1.5 1 1.4 0.89
0 0.72 -0.79 1.6 -0.2
0 -2.2 -0.96 2.7 -0.72
0 -1 0.62 2.3 -0.44
1 -1.1 -2.1 -0.085 0.53
0 -0.78 -0.41 1.1 -0.58
0 0.89 0.33 0.9 0.043
1 1.1 -0.32 -1.5 0.34
1 -0.22 -0.9 -1.6 -0.31
0 1.2 -0.087 -0.34 1.6
0 1 -0.82 1.6 0.68
1 -0.47 -0.35 -0.19 -1.4
1 1.4 3.1 0.17 0.26
0 -1.2 -1.5 0.31 -0.89
1 -0.22 -1 -0.78 -0.2
1 -1.9 -0.42 -1.8 -0.17
0 0.15 1.2 1.5 -2.8
0 -0.25 1 0.41 -2.4
0 0.52 0.26 1.2 -1.3
0 0.67 0.11 -1.8 0.09
0 0.087 1.1 -0.075 1.3
0 0.26 2.2 -0.47 -0.48
0 -1.1 -0.22 0.89 1.5
0 -0.87 1.2 0.093 1.6
0 -0.27 0.0097 -0.83 -0.72
0 -1.7 -0.36 0.54 0.17
0 -0.87 -0.55 1.1 -0.96
1 -0.12 0.87 -1.4 0.73
0 1 0.8 -0.28 0.35
1 -0.035 2.9 -0.1 0.11
1 -1.5 0.35 0.55 -1.4
1 -1 -1.7 0.89 1.2
1 -0.77 -0.99 0.46 1.6
1 0.25 -1 -0.6 1.7
0 0.45 2.3 -0.3 0.48
0 1.8 0.98 1.4 0.051
0 -0.32 1.4 2.2 0.73
0 0.88 0.13 -0.39 -0.52
0 0.55 -0.66 0.35 -0.22
0 -0.75 0.52 1.2 -1.5
0 -0.27 -0.41 -0.24 -2.3
0 0.27 -1.1 -0.086 1.4
1 -0.16 -0.29 1.8 2.5
0 0.92 0.43 0.57 1.7
1 -1.1 1.1 0.17 0.42
0 -0.29 -0.89 0.99 0.28
0 -0.52 0.88 0.86 1.5
0 -0.065 -0.48 -1.5 -0.18
0 0.97 -0.78 1 0.73
0 -0.88 0.67 0.035 -0.4
1 0.3 -1.2 -0.0023 1.6
1 -0.67 -1.2 -0.69 0.075
1 -0.28 -0.11 -1.3 0.6
0 0.41 0.75 2.8 2.1
1 0.86 -1.1 -1.7 0.069
1 0.25 0.069 0.26 -1
0 2.1 1.3 -2.5 0.97
1 0.44 -0.29 -0.37 0.45
0 -0.26 -1.1 0.082 -0.44
0 -1.6 0.21 1.1 0.1
0 -0.4 0.53 -0.12 1.8
1 -1.1 -0.057 -1.1 0.91
0 -0.34 -0.32 -0.0065 -0.35
0 2.1 -0.47 -1.2 0.37
0 0.97 0.24 0.59 1.5
0 -1 1.1 -0.45 -0.7
0 0.67 0.65 1.1 -1.3
0 0.17 0.13 0.57 -0.98
0 1.6 -0.86 0.24 1.2
0 0.58 0.79 0.26 1.2
0 -1.3 0.032 0.48 -1.3
0 1 0.25 -0.26 -0.51
1 -0.25 -1.5 -0.29 1.3
0 0.11 1.7 1.1 0.77
0 0.89 0.2 1 3.1
1 0.69 0.044 -1.6 1.3
0 0.38 0.45 -0.96 -0.3
1 -0.079 -1.9 -0.63 0.57
1 1.2 -0.52 -0.037 -1.2
0 -1.4 0.48 0.67 0.13
0 0.44 -0.48 2.1 0.29
0 -2.5 1.3 -0.039 0.88
1 -1.2 -3 -1.9 -0.71
0 0.82 -3.4 0.34 0.35
1 -1.5 0.91 -2 0.19
0 -0.16 -0.25 0.65 -0.22
0 1 0.46 -0.71 -1.1
1 -0.061 -0.025 -0.11 1.8
1 -1 -1.9 -1 0.6
0 1.1 -1 0.12 -0.47
0 0.63 1.1 0.41 -0.84
0 -0.59 0.87 1.5 -0.82
0 2 -1.3 0.042 0.28
1 -1.2 -0.088 -1.7 1.2
0 1.7 -0.012 0.26 0.74
0 -0.8 1.1 -0.8 -2.4
0 0.57 -1.1 0.19 -0.84
1 -1 -1.2 -1.3 1.1
0 0.0066 -1.8 0.07 -0.22
0 -0.41 0.032 0.41 -1.1
0 1.2 0.93 -0.99 0.97
1 0.072 -1.2 -0.87 -0.57
0 1 0.2 -0.45 0.14
1 0.33 -1.6 -0.027 -0.81
0 0.82 -0.077 0.63 0.072
1 -0.47 -1.1 -0.6 0.35
0 1.1 -0.0047 0.038 1.1
0 0.7 2.1 0.11 -0.77
0 -0.18 0.57 0.55 0.23
0 -0.86 0.14 -2.1 -0.84
0 -0.8 -0.44 0.51 -0.046
0 -0.004 0.096 0.11 1.4
1 1.6 -0.41 -1.4 0.16
0 -0.45 -1.6 -0.57 -0.38
0 -0.91 1.5 -0.86 1.1
1 2.7 0.84 1.2 1
1 1.3 -2.8 -0.66 -0.045
0 0.85 0.47 -1.9 -0.14
0 -0.78 -0.18 -0.8 0.44
1 0.17 0.23 0.75 -0.0052
0 -0.43 -0.24 0.7 -0.46
1 0.66 -0.59 -0.36 1.4
0 0.31 0.29 1.2 2
0 1.4 0.28 0.26 -2
0 -1.3 0.84 1.5 0.21
0 0.91 -0.59 -0.86 0.77
0 -1.2 -2.4 0.073 -0.23
0 -1.2 -0.66 0.25 0.25
1 0.14 0.55 1.5 -0.37
1 0.18 -0.51 0.6 0.64
1 2.3 -1.7 -2 -1.2
1 -1.5 1.5 3.7 -0.94
0 -0.13 -0.85 1.3 0.26
0 -0.61 -0.29 1.6 -0.04
0 0.31 1.3 -0.39 -1.1
0 0.033 -0.44 1.1 -0.43
0 -0.59 0.075 -2 -1.1
0 -0.45 0.6 -0.22 0.45
0 0.36 0.62 0.73 0.59
0 0.81 0.47 0.34 0.0061
0 0.64 2.3 -2 1.6
1 -1.2 0.0088 -0.49 -1.4
0 -0.77 0.78 1 -1.2
1 0.62 -0.16 -0.56 1.2
0 -0.52 -0.66 0.47 0.49
0 -1.2 0.1 1.7 -2.3
0 1 0.91 1 -0.45
0 -2 -0.16 0.65 1.8
1 1.2 -1.3 -0.97 -0.5
0 0.94 1.1 -0.24 0.11
0 -0.2 0.73 0.1 0.67
0 1.9 -0.39 0.71 1.5
0 0.068 1.6 -0.035 0.36
0 0.46 0.89 1 -0.55
0 1.5 1.7 -1.6 0.31
0 -1.5 0.93 -0.7 -0.19
1 1.5 0.065 0.09 0.77
0 1 0.28 -1.9 0.91
0 -0.02 -1.1 0.57 -0.48
0 0.2 2.3 1.3 -0.9
1 -0.16 -0.91 -0.62 1.8
0 0.18 0.019 1.1 0.7
0 0.32 1.1 0.98 0.42
1 0.87 -0.97 -0.23 1.4
1 0.014 -0.65 -1.7 -0.54
1 -0.62 -1 -0.21 -0.078
0 2 -1.5 0.02 1.6
0 0.59 0.48 -0.13 -1.5
0 0.62 0.22 1.7 -0.25
1 -1.6 -0.51 -0.27 0.092
0 0.43 0.73 0.03 -0.41
0 0.37 -0.77 1.2 -0.65
0 1.5 -0.52 0.45 -0.28
0 -1.5 0.47 -1.7 -0.3
0 0.59 1.5 -0.28 -0.47
0 -0.82 1.5 -0.27 -0.34
1 -0.8 -0.46 -0.094 0.55
0 0.19 0.79 0.52 1.3
1 0.46 -1.2 -0.56 -0.73
1 1 0.21 -0.96 1.2
1 0.69 -1.9 -0.57 -0.85
0 -0.58 1.8 0.14 0.041
0 0.071 0.61 -0.084 0.29
0 -1.3 0.36 0.28 2.2
1 -0.15 2.2 -0.95 -1.1
0 -0.71 0.045 -0.63 -0.073
0 1.2 0.71 -1 -0.057
0 0.23 -0.92 0.26 0.83
0 -0.49 0.2 -0.94 -1.5
0 0.81 -1.2 0.41 -1.7
1 0.17 -0.41 -2.2 -0.06
1 -0.41 -0.33 -0.64 0.14
1 0.65 -1.3 -2 0.71
1 -1.1 -0.72 -1.7 -1.3
1 -0.24 -0.73 -0.68 -0.81
1 -0.029 -0.17 -2.2 -0.014
0 0.029 0.44 0.072 -1
1 1.6 -1.6 -0.21 0.51
0 0.1 0.76 0.81 -0.82
0 -0.29 0.15 -1.3 0.43
0 0.72 0.18 0.84 1.7
0 0.3 -1.3 -0.65 1.4
1 0.9 -0.12 -0.29 0.46
1 1.5 -2 -0.18 -2.6
0 -0.25 0.93 -0.77 -0.14
0 2 0.53 -1.1 0.83
1 -0.059 -2.1 -1.6 0.86
0 0.48 0.16 -0.04 -0.26
0 -0.71 0.072 1.6 0.21
1 -1.4 -1.4 -0.091 0.14
0 -0.56 0.14 -0.46 1.2
0 1.2 0.6 -0.017 -0.72
0 0.72 -1.3 1.1 -2.2
0 1 0.78 0.71 0.8
0 1.7 -0.38 0.47 1.9
0 0.092 -0.082 1.2 0.011
0 -0.86 0.66 -0.75 -2
0 0.74 0.57 0.62 -1.2
0 1.9 1.4 0.63 -1.5
1 1.5 -1.8 -0.9 -0.56
0 -0.3 1.7 1.6 1.9
0 -0.57 -0.41 0.44 1.9
0 1 0.57 0.3 -0.42
0 -0.7 -1.1 0.29 -1.4
1 0.034 -0.28 -1 2.4
0 1.7 0.0041 -1.9 -0.12
0 0.75 0.6 -0.11 1.8
0 -0.97 -0.91 1.2 2.4
0 0.85 -0.45 0.51 -0.016
0 -0.69 0.83 -0.49 0.076
0 0.43 0.15 1.1 0.046
1 -1.3 1.5 -0.91 0.41
1 0.37 -0.7 -0.05 -1.1
1 0.93 -1.6 -0.65 -0.4
0 -1.4 2.1 0.72 0.27
1 -1 -0.36 -0.39 0.02
0 1.4 -0.83 0.91 -0.89
0 0.034 -1.3 2.7 0.25
0 -2 -0.0024 0.27 1.2
1 0.58 -1.1 -0.31 -0.035
0 -0.085 0.23 -1.5 -0.085
0 1.1 0.44 -0.39 -0.88
0 -0.39 -1 0.53 0.2
0 0.11 0.0051 2.4 -0.87
0 1.9 1.5 -0.99 -0.94
0 -0.14 1.3 0.92 0.11
1 0.39 -0.13 -0.12 1.3
0 0.16 1 -1.6 -0.7
0 0.089 1.4 1 -0.62
1 -1.7 -0.18 -1.3 1.5
0 0.99 0.5 1.3 0.38
1 -2 0.13 0.66 0.37
1 0.3 -1.1 -0.65 1.3
1 0.31 1.8 0.49 -1.1
1 0.43 -1.7 0.075 -2.1
0 0.11 0.86 0.57 -0.87
0 0.7 1.2 0.4 0.24
0 1.3 0.95 -0.81 1.1
0 0.67 -0.35 1 -0.058
1 0.4 -0.14 -0.32 0.7
1 2.9 -0.22 -0.87 0.077
1 0.79 2.2 0.91 2
0 -3 1.5 0.75 -2.6
0 2.8 0.29 1.2 -1.1
1 0.37 -1.1 -1.8 1.5
1 0.37 0.095 0.99 -0.068
0 -1.7 0.92 1 -0.74
1 1.2 -1.1 -0.61 0.41
0 1.3 0.48 0.14 2
0 -0.11 -1.6 1.6 -1.2
0 -0.86 0.64 -1.7 -0.31
0 -0.81 -1.4 0.52 -0.92
1 -0.33 -1.3 -0.23 -0.86
0 -2.1 -0.083 0.72 1.6
0 -0.45 0.44 -0.34 -0.83
0 0.098 0.23 0.28 0.062
0 0.69 0.31 -0.9 0.037
1 0.49 -1.2 -0.52 -0.44
1 0.17 -1 -0.34 -0.03
0 -2.6 -0.65 1.3 -0.71
1 0.19 -2.3 1.8 -0.41
0 -1 1.6 -0.89 -0.089
0 -0.26 0.59 -0.93 -1.7
0 0.43 -0.49 0.81 -0.4
1 -0.97 -1.8 -0.87 0.44
1 -0.56 -1.4 -0.063 0.57
0 -0.74 -0.37 0.54 -0.69
1 -1.3 0.14 2.2 -0.36
0 0.33 0.24 0.59 1.2
1 -0.48 -1 -0.46 1.3
0 -0.29 -1.3 1.7 -0.67
0 1.1 0.69 1.7 2.3
1 -2.1 -0.71 -1.2 -0.53
0 -0.67 0.49 -0.0092 -1.3
0 -3.4 -0.89 0.62 1.6
1 -0.21 0.77 -0.32 0.04
0 1.4 1 0.83 0.54
0 0.27 0.067 -1 1.1
0 0.051 0.75 0.088 -1.2
0 2.4 -1.6 1.3 0.86
0 -1.5 0.43 3 0.037
1 0.63 -0.044 -0.52 0.83
0 0.4 -1 0.65 1.2
0 -0.27 -0.18 1.6 0.73
1 -1.2 -0.49 -0.11 1.4
0 -0.61 -0.71 1.6 -1.1
0 -0.17 0.81 -0.081 0.61
0 -2.3 -0.26 0.97 1.3
1 -1.4 -0.12 1.3 -0.061
1 -0.47 -0.66 -0.71 -1
0 -1.2 0.93 -0.49 -1
0 0.37 1.8 -1.9 -0.29
0 0.42 1.8 -1 0.28
0 0.71 -0.22 0.4 -0.22
1 2.2 -1.2 -1.5 0.42
0 0.37 0.87 -0.02 0.12
0 -0.19 0.92 -1.7 0.18
0 0.42 -1.7 0.57 -2
0 0.51 -0.74 0.072 -1.1
0 0.76 1.1 -0.81 0.12
0 1.3 0.051 -0.44 -0.43
1 0.42 -0.48 -0.71 -0.75
0 -3.2 2.1 -1.5 -0.012
0 1.5 0.9 2.1 -0.13
0 -0.41 -0.58 1.4 0.5
0 -0.74 -0.16 2.1 -0.33
1 0.18 -2.3 -0.78 -1.1
0 -1.3 -0.055 0.25 -0.18
0 0.36 -0.63 2 -1.9
1 -1.2 -0.59 -0.024 0.87
0 -1.1 1.6 1.2 -0.16
1 1.1 0.4 -0.56 0.027
0 -1.1 -0.33 0.062 -1.3
1 -0.8 -0.58 0.34 -0.36
1 -0.67 -0.32 0.16 0.56
0 -0.77 -0.39 -0.92 0.35
1 -0.67 -0.59 -1 1.6
0 0.25 0.091 -0.87 2
0 -1.6 -0.24 0.088 -0.63
0 -0.46 0.72 0.46 0.24
0 -0.46 -1.4 1.3 -1.2
0 0.22 1.2 -0.89 2.3
0 -0.18 -0.62 1.1 -0.27
0 0.022 -0.056 0.39 1.6
0 1.9 0.17 0.56 1.7
0 -0.069 -1 1.4 -1.4
0 -0.35 -0.72 0.41 0.9
0 0.78 0.14 0.79 -0.14
0 -0.59 -0.87 0.11 -0.16
1 -0.038 1.2 0.36 -0.16
0 1.1 -1.5 0.25 -0.67
0 0.25 0.69 -2.3 -0.62
1 -2.8 -0.16 0.58 0.14
0 -0.08 0.11 1.8 -0.11
1 1.3 -0.064 -0.55 -1.4
1 -3.1 -0.64 -1.2 0.19
1 1.2 -0.84 -2.4 -1.9
1 -0.63 -2 -0.54 0.32
0 -1.1 0.93 -0.045 -0.0068
1 -0.43 -0.67 -0.81 0.083
0 -0.16 1.8 0.47 -0.33
0 -1.8 0.32 0.16 0.63
0 1.5 0.018 -1 -0.35
0 -0.25 1.6 -1.3 2.1
0 0.14 0.71 -0.11 -1.1
0 -0.7 0.83 1.5 -1.6
1 -1.6 -0.16 -0.84 -0.015
1 0.11 -1.2 -0.71 -0.068
0 -0.35 -0.77 0.083 -0.94
0 0.68 0.82 1.2 -0.74
1 0.93 -0.12 -2 -0.087
1 0.068 -0.8 1.9 -1.9
0 0.35 0.92 0.046 -1.6
0 0.087 1.1 -0.083 -1.2
1 -0.14 -0.27 -1.2 2
1 0.27 -0.25 -0.52 0.9
0 -0.027 1.7 1.3 1.3
0 0.083 -0.47 1.3 0.76
0 -0.52 1.8 -1.8 1.7
0 -0.15 0.57 0.15 -1.2
1 0.32 -0.28 -0.49 0.05
0 0.38 1.3 0.21 0.49
0 0.47 0.069 -0.71 -0.26
0 -0.67 -0.51 1 -2.5
0 -0.57 0.52 0.91 0.19
0 1 -0.95 1.2 -1.8
1 1.7 -0.44 -0.19 0.54
0 -0.36 0.94 -0.13 1.6
0 1.5 -0.7 1.6 -0.51
1 0.6 0.046 0.31 -1.1
0 -0.82 0.86 0.87 0.33
0 0.21 0.76 -0.035 1.2
0 -0.47 -0.2 0.55 -0.67
0 -0.43 -0.94 -0.16 0.92
0 2.5 1.3 0.031 1.2
0 -1.5 1.4 -2.2 2.3
0 -1.7 0.27 0.095 -1.2
0 -1.3 0.6 -0.22 1.2
0 1.3 0.55 0.82 -0.16
0 1.7 0.86 0.22 -0.28
0 -0.043 0.091 0.31 -1.3
0 0.28 2.4 0.36 1
1 -0.052 -1.3 -0.81 0.31
1 0.77 -0.78 -0.58 -0.081
0 -1.3 -0.74 1.5 -0.65
1 2 -1.8 0.064 -0.66
1 0.82 -0.99 -0.89 -0.54
0 -1.3 -1.5 2.5 -0.92
0 0.19 -0.92 1.6 0.69
0 1.3 -1.1 1.9 -0.5
0 -0.37 0.043 -0.89 -0.37
0 -0.06 1 0.19 0.34
0 -0.065 0.37 -0.67 0.29
