-8.1 -1 -1.6 -0.38 0.43 0.17 -0.69 1.6 -3.4 0.14 -0.87
-6.6 -1.3 0.28 -2.5 0.3 0.51 0.13 -0.3 0.11 0.53 0.32
-2.7 0.2 -0.25 -1.2 0.44 1 0.9 -0.016 -0.51 0.55 -0.18
9.9 0.68 -1.4 0.63 -0.2 -2.1 0.48 -1.9 0.7 0.52 0.94
13 1 1.4 -1.7 -1.7 -2.6 -1.8 2.1 0.74 -0.7 -0.55
10 2.8 -1.7 -0.31 -0.33 0.47 0.15 -0.12 0.094 -0.41 0.062
-9.4 -2.1 -0.37 -0.63 -0.086 0.35 -0.37 -0.72 0.1 -0.13 -0.76
8.6 1.1 1.8 -0.01 -0.73 -0.56 0.22 1.4 2.4 1.1 -0.23
5.1 1.3 -1 0.61 -0.84 0.75 0.63 1.1 2.3 1.2 -1.5
-6.4 -0.92 -0.18 -1.1 -0.83 1.3 0.036 -0.33 1.2 0.31 -0.65
10 2.1 1.2 0.29 0.13 -0.36 -0.051 0.0043 0.98 0.31 -3.3
4.8 1.5 0.089 -1 1.2 0.68 -0.86 2.1 0.88 1.6 0.66
-3 -0.15 -0.5 -0.61 -1.1 0.62 -0.17 -0.75 -0.54 -1.3 -0.63
-0.67 -0.29 0.8 -1.3 -0.12 -0.15 0.18 0.78 0.072 0.13 -0.88
-2.3 -0.11 0.39 -0.17 -1.1 0.52 0.83 0.58 -0.24 0.69 -1.3
-0.4 0.022 0.92 0.16 -0.75 0.056 -1.1 -0.7 -0.32 0.97 -0.25
7.2 1.4 -0.51 -1 -0.31 -0.46 -0.82 0.83 0.36 -0.18 0.62
9.1 1.2 1.1 -0.43 -0.13 -1.5 1.4 3.1 -0.45 -0.38 0.35
-5.2 -0.15 -1.4 0.3 -1.4 1.6 0.047 0.54 0.26 -0.61 0.56
-1.6 -0.22 0.86 0.34 0.65 0.0049 1.6 -2.3 -0.68 -1.4 0.23
4.6 1 -1.8 1.9 0.42 -0.46 -1.1 -2.2 -0.84 -2 0.54
1.2 -1.1 -0.97 -2 1.5 -1.8 -0.5 1.5 -0.0054 2.2 0.57
1.9 0.32 -1.4 -0.1 -0.39 -0.0033 0.67 -0.33 0.56 -0.3 -1.4
-2.6 -0.64 1.1 -0.69 1.3 0.084 1.5 0.36 0.24 -0.79 -0.55
-6.3 -1.2 -0.15 -1.2 -0.17 0.31 0.97 0.8 -0.61 -2.5 0.86
-0.36 0.34 -1.1 0.78 -1.4 0.39 -0.88 0.85 -0.54 -1 -0.16
-7.1 -1.7 1.4 -1 -0.73 0.49 0.25 2.5 1.2 -2.4 0.67
-11 -2.8 -1.3 -1 -0.1 -0.5 0.97 0.84 -1.5 1.6 -0.82
-5.7 -1.6 0.34 -0.33 -1.1 -0.28 0.73 -0.063 -0.3 0.96 0.67
6.3 0.24 1.3 0.68 -0.17 -1.3 0.46 -1.5 1.3 -0.11 0.95
-0.86 -1 -0.5 0.39 -0.66 -1.4 0.56 -0.5 -0.94 -1.5 -0.64
-7.5 -0.59 2.7 -2 1.9 1.5 -0.69 0.52 -0.75 -1.2 -2
2.7 0.26 0.019 -0.54 0.5 -0.17 -0.57 -0.37 1.2 1.3 -1.2
-5.7 -1.5 0.83 0.24 -0.11 -0.2 1 -0.46 -0.44 -1 -0.94
-3.4 -0.75 -0.5 0.83 0.82 0.36 -0.27 -0.88 0.67 1.1 -0.96
3.7 0.042 2 0.94 0.93 -0.99 -0.96 1.2 0.53 -0.12 -1.1
3.9 0.34 -0.39 0.89 -0.52 -1.1 -0.38 0.4 -0.87 -0.7 1.3
-0.33 0.78 -0.4 -0.59 -0.71 1.1 -1.3 -0.34 -0.088 -0.28 0.66
-15 -2.4 1.1 -0.37 0.43 1.7 -1.3 -1.3 -0.37 -0.48 -0.31
3.7 0.37 0.98 1.3 -0.65 -0.68 0.057 0.099 0.23 1.3 -0.93
2.7 0.57 1.1 1.1 1.2 -0.51 -0.55 -2 -1.1 1.3 -1.1
-5.3 -0.51 0.21 -1.5 -0.11 1.4 -1.5 0.66 0.99 0.24 0.53
5.5 0.33 -0.79 -0.41 0.25 -1.6 1.2 1.6 -0.74 -1.5 -0.6
3.5 1.8 1.8 -0.26 0.41 1.1 -0.57 0.93 -0.41 -1.9 -0.63
-7.1 -0.63 1.9 0.18 0.54 1.9 -0.29 0.22 1.1 -0.42 0.24
2.9 1.3 0.15 0.14 1.1 0.83 -0.17 -0.22 0.21 1.2 1.1
-0.73 1.1 1.5 0.59 0.17 1.8 -0.082 -1.5 0.12 -0.48 1.2
7.8 0.98 -1.8 -0.8 -2.1 -1.3 1.6 0.98 0.064 -0.2 0.5
-5.8 -2.1 -1.3 -0.17 -0.23 -0.82 1.1 -1.4 0.14 -1.1 -1.9
-5.2 -1.3 -0.6 0.35 0.25 -0.48 -1.3 0.65 -1.3 0.75 0.69
-2.1 -0.64 0.24 0.55 -0.2 -0.45 -0.31 1.7 -0.92 -0.13 1.2
8.3 1.5 -0.22 -0.89 -1.1 -0.72 0.98 -0.48 0.31 0.48 0.82
4.1 -0.41 0.2 -0.67 0.036 -2 0.13 -0.07 -0.37 0.17 -0.98
-0.82 -0.72 0.32 -0.75 0.36 -0.91 0.51 -2.2 -0.69 -1.2 -0.77
0.74 -0.43 0.61 -0.038 -1.1 -0.3 1.4 -2.3 1.6 -0.84 -1.2
3.2 0.82 -0.15 0.31 -0.31 0.82 1.8 -0.94 2.4 -0.75 -0.37
7.9 1.9 0.29 -1.5 -0.25 -0.69 0.28 -0.16 -1.6 1.2 -0.66
-5.7 -1.7 -0.94 0.88 0.68 -0.54 -1.4 -0.22 -0.57 1.4 -0.51
-14 -1.7 0.092 1.3 2.1 2.4 -0.73 0.56 0.17 0.14 -0.88
12 3.3 -0.1 -1.7 1 0.51 -1.8 -0.27 0.49 -0.64 -1.3
6.5 0.28 -0.44 0.38 1.5 -1.4 0.42 0.44 1.2 1.8 -0.037
-1.6 -0.33 -0.71 -2.1 1.7 -0.27 0.92 -0.86 -1.1 0.38 1.5
-7.6 -1.7 0.52 0.82 0.03 -0.15 0.21 -0.14 -1.2 0.64 -1.1
0.82 -0.071 -0.31 0.19 0.4 -0.62 -1.8 -0.45 -0.75 -0.38 -0.17
-1 -0.18 -0.67 -0.76 1.6 0.2 -1.4 -0.36 0.27 0.7 0.47
-1.3 0.31 -0.99 1.1 -1.2 0.89 -0.99 0.28 0.15 -0.14 3.5
-3.7 0.6 0.54 -0.27 0.26 2.1 -0.68 -0.54 0.056 -1.1 -1.1
-3.5 -1.7 -0.12 0.2 1.2 -1.1 0.85 -1 0.19 -0.3 -0.34
-0.74 -0.5 -0.32 -1.6 1.1 -0.6 0.62 -0.26 -0.52 -0.44 1.1
5.1 1.8 -0.085 0.56 0.81 0.29 -1.5 -0.89 -1.2 -0.27 -1.2
3.2 0.89 -1.3 -1.4 -0.36 0.53 -0.28 -0.27 1.2 -0.3 -1
5.9 1.3 0.51 0.84 1.1 -0.29 -0.63 -0.42 -0.24 -0.44 0.049
-6.9 -2.3 -0.55 -0.54 0.25 -0.78 -0.26 -0.76 -0.063 -0.0048 -1.7
-2 -0.0081 -0.95 -0.34 1.3 0.26 -1.6 -0.49 -1.2 1.6 -0.18
-4.8 -0.61 1 -1.7 -0.068 0.81 1.5 1.8 -0.0046 0.45 0.92
-3.6 0.3 -1.2 -2.1 -0.047 1.4 0.12 0.087 -0.7 -3.1 -0.21
3.5 0.82 1.6 -0.057 -0.22 -0.045 -1.8 -0.94 0.048 -1.2 1.6
-5.2 -0.22 -0.29 -1.8 -0.12 0.76 -0.091 -2.1 -2 -0.5 1.3
5.3 0.34 0.29 -2.2 -2.4 -1.1 -0.48 1.1 0.73 -0.48 -1.5
6.3 0.88 -0.47 0.19 0.92 -0.4 -0.47 -1 1.5 1.1 0.044
1.8 1.7 0.26 0.89 0.74 0.98 -0.17 0.49 -2 0.064 -1
2.1 -0.14 -0.56 0.26 -0.76 -0.41 1.6 0.28 1.4 0.66 -0.2
2.4 0.5 1.6 -0.44 -0.53 0.074 0.45 -0.098 0.64 0.6 -0.59
2 1.5 -0.5 -0.23 -2.2 1.2 0.17 -0.84 -0.62 -0.85 -0.72
0.42 -0.54 0.67 0.95 -0.0044 -0.079 -1.5 1.2 2.4 0.8 -0.13
-8.1 -1.4 -1.6 -1.3 -0.19 0.69 0.47 0.12 -0.65 -0.021 -1.6
0.74 0.47 1.6 -2.7 0.54 0.35 -1 -0.21 -0.091 0.52 -0.84
-0.12 0.49 -0.65 -2.2 0.73 0.34 -0.73 0.49 -1 0.011 -1.4
-2.8 -1.3 -1.3 -0.38 -1 -0.67 1 0.76 0.3 -0.14 -0.25
6.3 1.4 0.7 0.13 0.28 -0.075 -0.87 1.2 0.32 -0.86 1.2
-0.28 -0.11 0.75 -0.72 -0.028 -0.003 0.36 0.26 0.15 1.5 0.37
7.8 1.7 -0.91 0.092 0.29 -0.11 -0.88 0.84 0.84 2.1 0.76
4.8 0.2 -1.5 -1.5 0.029 -1.2 -0.82 0.15 0.27 -0.41 0.22
-10 -2.3 -0.97 0.62 0.37 0.44 -0.53 -0.41 0.22 -0.58 -1.7
5.3 1.1 -0.54 0.96 0.64 -0.43 1.2 0.24 -0.23 1.7 0.061
-8.6 -1.1 0.71 -0.12 0.16 1.4 0.9 0.61 0.16 0.74 0.015
-0.33 0.14 0.058 -0.18 0.96 0.22 -1.1 1.6 -0.23 0.76 1.2
0.47 -0.16 -0.46 0.029 -1.6 -0.31 -0.083 -1 0.19 -0.67 1.3
2.2 0.96 0.29 1.3 -0.85 0.55 1.3 -0.97 0.01 0.41 0.94
8.6 1.9 0.8 0.97 1 -0.18 0.83 -1 0.59 0.48 0.31
